Run time stats:
  Average: 8.7053674921875
      Max: 8.706346
      Min: 8.705112
      Std: 0.0004443336302138517
