Run time stats:
  Average: 9.820139234374999
      Max: 9.820288
      Min: 9.819985
      Std: 0.00013544270492854067
