Run time stats:
  Average: 30.92501903125
      Max: 30.926948
      Min: 30.924897
      Std: 0.0001798803394577529
