Run time stats:
  Average: 14.70127090625
      Max: 14.701426
      Min: 14.701109
      Std: 0.00013443594184938318
