Run time stats:
  Average: 8.2535263671875
      Max: 8.257143
      Min: 8.251694
      Std: 0.001898550758436782
