Run time stats:
  Average: 6.920956609375001
      Max: 6.922624
      Min: 6.919193
      Std: 0.001051145842301175
