Run time stats:
  Average: 15.5580808125
      Max: 15.558506
      Min: 15.558046
      Std: 0.0001098397803335878
