Run time stats:
  Average: 12.872868375
      Max: 12.872915
      Min: 12.872855
      Std: 1.3303547459391837e-05
