Run time stats:
  Average: 27.229570062500002
      Max: 27.22973
      Min: 27.229555
      Std: 4.143589740482782e-05
