Run time stats:
  Average: 10.7765889375
      Max: 10.776728
      Min: 10.776495
      Std: 9.485612048658031e-05
