Run time stats:
  Average: 9.223451812499999
      Max: 9.223546
      Min: 9.223435
      Std: 2.5169969085375297e-05
