Run time stats:
  Average: 6.0047785625
      Max: 6.00495
      Min: 6.004755
      Std: 4.4761826300420516e-05
