Run time stats:
  Average: 203.08166781249997
      Max: 203.08238
      Min: 203.0816
      Std: 0.0001840370950208328
