Run time stats:
  Average: 10.630565625000001
      Max: 10.63068
      Min: 10.630551
      Std: 2.980326114703743e-05
