Run time stats:
  Average: 11.4253885
      Max: 11.425404
      Min: 11.425373
      Std: 1.5499999999946112e-05
