Run time stats:
  Average: 4.735222
      Max: 4.735225
      Min: 4.735219
      Std: 2.9999999999752447e-06
