Run time stats:
  Average: 17.317772374999997
      Max: 17.318096
      Min: 17.317657
      Std: 0.0001697166296361588
