Run time stats:
  Average: 10.5070040625
      Max: 10.507108
      Min: 10.506978
      Std: 3.83079116341077e-05
