Run time stats:
  Average: 18.70721978125
      Max: 18.707373
      Min: 18.707176
      Std: 5.792653449369248e-05
