Run time stats:
  Average: 9.803515375
      Max: 9.803608
      Min: 9.803474
      Std: 3.584057581850317e-05
