Run time stats:
  Average: 119.1749736875
      Max: 119.175191
      Min: 119.174898
      Std: 8.280301832541406e-05
