Run time stats:
  Average: 10.721645062499999
      Max: 10.722233
      Min: 10.721599
      Std: 0.00010624439323433447
