Run time stats:
  Average: 6.749430124999999
      Max: 6.749601
      Min: 6.749403
      Std: 3.2971341722798706e-05
