Run time stats:
  Average: 80.44774625000001
      Max: 80.447863
      Min: 80.447704
      Std: 6.74402513320654e-05
