Run time stats:
  Average: 14.679776500000001
      Max: 14.679788
      Min: 14.67977
      Std: 6.8373971657974635e-06
