Run time stats:
  Average: 7.415333499999999
      Max: 7.415822
      Min: 7.415166
      Std: 0.00028205362965242665
