Run time stats:
  Average: 15.313500249999999
      Max: 15.313538
      Min: 15.313481
      Std: 2.2185299186509303e-05
