Run time stats:
  Average: 7.02365025
      Max: 7.024043
      Min: 7.023517
      Std: 0.00022675909573808843
