Run time stats:
  Average: 6.1936307500000005
      Max: 6.193685
      Min: 6.19361
      Std: 3.1363792819268296e-05
