Run time stats:
  Average: 17.048070890625
      Max: 17.048887
      Min: 17.047779
      Std: 0.0003486233245381578
