Run time stats:
  Average: 6.821971125000001
      Max: 6.822581
      Min: 6.821911
      Std: 8.251732772570551e-05
