Run time stats:
  Average: 7.457669421875
      Max: 7.458212
      Min: 7.45761
      Std: 7.359364881889645e-05
