Run time stats:
  Average: 14.921444234374999
      Max: 14.921837
      Min: 14.921098
      Std: 0.000267980511312548
