Run time stats:
  Average: 15.010135953125
      Max: 15.010495
      Min: 15.010001
      Std: 0.00014144438280726436
