Run time stats:
  Average: 7.906910703125
      Max: 7.909885
      Min: 7.906804
      Std: 0.0003761441993973021
