Run time stats:
  Average: 11.706446687500002
      Max: 11.706513
      Min: 11.706373
      Std: 4.6782366803692374e-05
