Run time stats:
  Average: 52.633190234375
      Max: 52.633313
      Min: 52.633157
      Std: 2.1982053893186006e-05
