Run time stats:
  Average: 8.272275875
      Max: 8.27237
      Min: 8.272252
      Std: 3.5987628082526594e-05
