Run time stats:
  Average: 6.512407625
      Max: 6.512808
      Min: 6.512345
      Std: 0.00015135796766263537
