Run time stats:
  Average: 9.158422625
      Max: 9.158518
      Min: 9.158402
      Std: 3.6217873695443036e-05
