Run time stats:
  Average: 12.026823375
      Max: 12.026995
      Min: 12.02679
      Std: 6.50421738180295e-05
