Run time stats:
  Average: 393.453404
      Max: 393.453821
      Min: 393.453311
      Std: 0.00015859776165277266
