Run time stats:
  Average: 11.63548175
      Max: 11.635679
      Min: 11.635443
      Std: 7.48744782952684e-05
