Run time stats:
  Average: 6.351201625
      Max: 6.351274
      Min: 6.351184
      Std: 2.7613119617363508e-05
