Run time stats:
  Average: 44.687026375
      Max: 44.687463
      Min: 44.686957
      Std: 0.00016507039218226628
