Run time stats:
  Average: 31.68348796875
      Max: 31.683849
      Min: 31.683399
      Std: 8.764184373573828e-05
